[{'c': array([[-1.45910254,  1.66365311,  0.63152021,  0.5593057 , -0.31415506,
         0.57513564, -0.18635416,  0.15077698, -0.18018185, -0.04318221],
       [ 0.27277628,  0.28394537,  0.26388576, -0.29312312,  1.10652879,
        -1.75996932,  0.87660943, -1.05818543,  0.00837362,  0.22820138],
       [-0.15939383, -0.02284673, -0.10947263,  0.1215986 , -0.52116356,
         0.76630511, -0.32630422,  0.48849002,  0.00200486, -0.13777002],
       [-0.27352305,  0.4944753 , -0.23720707,  0.00342494, -1.0070265 ,
         0.95780628,  0.05794531,  0.89451748,  0.08873917, -0.51605612],
       [-0.43031839,  0.74226916, -0.127578  ,  0.04142014, -0.92606213,
         0.83521544,  0.13467838,  0.7975919 ,  0.06714089, -0.49825414]]), 'u': array([[  8.53588386e-01,  -9.84777613e-01,  -8.87064781e-01,
         -3.70539449e-01,  -1.20667938e+00,   1.16007011e+00,
         -8.58563547e-02,   1.20765760e+00,   2.46488627e-01,
         -6.00050743e-01],
       [ -1.20301226e-01,   4.35115970e-01,   2.53431369e-02,
         -6.83940803e-02,  -8.66008311e-02,  -1.54369376e-01,
          3.29887803e-01,   4.17728989e-02,   3.25380803e-02,
         -1.58674895e-01],
       [  2.12575994e-01,  -1.56265745e-01,   5.59687166e-03,
         -1.04878288e-01,   3.11074236e-01,  -4.44436316e-01,
          1.63794627e-01,  -2.76877184e-01,   1.09254912e-02,
          8.96663346e-02],
       [ -4.34574124e-01,   2.64773034e-01,  -2.18055885e-01,
          2.15939930e-01,  -1.19281697e+00,   1.55274402e+00,
         -4.72243943e-01,   1.08958783e+00,   2.72498892e-02,
         -4.12302031e-01],
       [  5.63010172e-01,  -7.40201724e-01,  -1.14814378e-01,
         -1.66992264e-01,   4.63626664e-01,  -4.99961223e-01,
          5.85311682e-05,  -3.68066491e-01,   2.08149586e-02,
          2.13946280e-01]]), 'o': array([[-0.36400226,  0.31174489,  0.21994543,  0.18411909,  0.08536213,
         0.06091183, -0.14757756, -0.10543377, -0.07602084,  0.10767658],
       [-1.16450507,  0.68333951,  0.85436508,  0.72098736,  0.66617836,
         0.05572712, -0.79306592, -0.674705  , -0.32691903,  0.65711917],
       [-0.65832128,  0.83733399,  0.30497664,  0.22158214, -0.08468745,
         0.12089043,  0.02614977,  0.00698713, -0.07516713, -0.03076312],
       [ 2.1213282 , -1.09965973, -0.50068841, -1.27074512,  1.62678261,
        -3.26735092,  1.98691218, -1.42910377,  0.32414722,  0.02821509],
       [-0.56177709,  0.87856748,  0.26554482,  0.12788917, -0.05195833,
        -0.06535503,  0.21938861, -0.02791451, -0.04356473, -0.08729462]]), 'f': array([[ 1.35321613, -1.45969927, -0.58528462, -0.54997657,  0.29554029,
        -0.61235526,  0.27202121, -0.1513232 ,  0.17817527,  0.00630294],
       [-2.63164443,  2.12495488,  0.64104243,  1.29218556, -1.9364095 ,
         3.28512952, -1.55250993,  1.6273936 , -0.30540229, -0.3237681 ],
       [-0.40613672,  0.38816804,  0.21995518,  0.18791815,  0.02839821,
         0.10330803, -0.12555915, -0.05907154, -0.0723885 ,  0.0725668 ],
       [-0.82238972,  0.67255515,  0.2684933 ,  0.40688807, -0.42175349,
         0.82298814, -0.45117886,  0.33702442, -0.11307888, -0.02170293],
       [-0.93391151,  0.07530765,  0.27440135,  0.71815368, -0.58643243,
         1.66564849, -1.34239836,  0.54562706, -0.21250258,  0.22147424]])}, {'c': array([[ 0.34167273,  0.26650805, -0.09730585, -0.90748873, -0.18651178,
         0.68004935,  0.32900199, -0.64525065, -0.13713906, -0.07909375],
       [-0.27300471, -0.28585713, -1.08359695, -0.62588793, -0.49127275,
         0.35562205,  0.01346265,  0.84282132,  1.09867259,  0.97133232],
       [ 0.01053323,  0.36562098,  0.48438736,  0.13696948,  0.03099636,
        -0.04287615,  0.03293059, -0.36249575, -0.42072182, -0.55428479],
       [ 0.04634155,  0.46942161,  0.8420188 , -0.57637113, -0.03339068,
         0.14778141, -0.53346114, -1.39159915, -0.26457349, -0.76477274],
       [-0.06322263,  0.64376165,  0.8366892 , -0.81168358,  0.11488852,
         0.07996074, -0.35885272, -1.4986357 , -0.1658892 , -0.62343655]]), 'u': array([[ -4.71377860e-01,   7.31102985e-01,   1.46727214e+00,
          4.05022587e-01,   2.09631340e-01,  -4.75754733e-01,
         -7.39517399e-01,  -1.15285589e+00,  -5.60010829e-01,
         -1.21162013e+00],
       [  4.38765713e-02,   1.49975519e-01,  -2.41256164e-02,
         -6.55234384e-01,  -1.21791629e-01,   3.18628134e-02,
         -1.05564545e-01,  -4.42052358e-01,   3.01289385e-01,
         -1.51755107e-02],
       [ -6.66247890e-02,  -1.15157008e-01,  -3.15883308e-01,
          2.56546416e-03,  -1.95415726e-01,  -5.46177129e-04,
          4.15678866e-03,   4.17607670e-01,   2.56886237e-01,
          1.76060194e-01],
       [  4.82459272e-02,   6.48059218e-01,   1.17124618e+00,
         -9.11433252e-03,   2.99377613e-01,   4.89329966e-02,
         -2.45740702e-01,  -1.28088320e+00,  -8.07351678e-01,
         -9.46076011e-01],
       [ -7.09204352e-02,  -3.55210348e-01,  -3.01134682e-01,
          5.82720470e-01,   3.58029520e-02,  -1.97868696e-01,
          3.12574657e-02,   7.63241498e-01,   9.75641663e-02,
          3.06969552e-01]]), 'o': array([[ 0.13285179, -0.0061668 , -0.19378262, -0.0705946 , -0.06259616,
         0.10928432,  0.27097676,  0.14990461, -0.0469502 ,  0.05463404],
       [ 0.5426701 , -0.37332857, -0.92773907,  0.38362138, -0.03322462,
         0.32078344,  1.17748302,  1.19899682, -0.32836844,  0.51009646],
       [ 0.15810565,  0.16569902, -0.0758756 , -0.61616618,  0.00429257,
         0.17321816,  0.20043959, -0.38416497,  0.06760804,  0.05848399],
       [-0.7672493 , -0.92876606, -1.35627257, -0.53713442, -0.78762204,
        -0.09822907, -1.06824855,  1.15369693,  2.07908428,  1.34422469],
       [-0.08214447,  0.23582972, -0.13039353, -0.64049058, -0.36167304,
         0.59341853, -0.05516847, -0.27620555,  0.20148725,  0.01445493]]), 'f': array([[-0.14253903, -0.42117534,  0.11245854,  0.66360775,  0.43257549,
        -0.78065818, -0.38861615,  0.32707109,  0.19597383,  0.2671606 ],
       [ 0.67074571,  1.23237609,  1.50636512, -0.4401741 ,  0.58054465,
         0.59571466,  0.75167431, -2.06424573, -1.80288396, -1.40080361],
       [ 0.1976276 ,  0.03823342, -0.1346002 , -0.19633867,  0.01583692,
         0.06199844,  0.25850724,  0.00244785, -0.03980539,  0.05642605],
       [ 0.25537031,  0.28483794,  0.25809218, -0.14241701,  0.11218572,
         0.20233517,  0.33223489, -0.42953923, -0.46086138, -0.30522834],
       [ 0.41293515,  0.31612134,  0.59151123,  0.89057159,  0.65755849,
        -0.24267831,  0.91560119, -0.05247828, -1.28082068, -0.5495119 ]])}, {'c': array([[ 0.8008272 ,  0.01607685, -0.00200665, -0.13149676, -0.14768106,
         1.16503847, -0.40541726, -0.51802051, -0.46877634,  0.09217503],
       [-0.74883001,  0.68989914,  0.43383338, -0.05909847,  0.33012777,
        -0.06599075,  0.28450543,  1.02119411,  1.37572117,  0.02493367],
       [ 0.27227718, -0.01563877, -0.07078871, -0.23684198, -0.25768608,
         0.24109617, -0.07675811, -0.61108967, -0.55186628, -0.25028187],
       [ 0.88770529,  0.23013246, -0.1434484 , -0.4249675 , -0.26175211,
         0.89162248,  0.25968973, -0.74231673, -0.39680474, -0.96264202],
       [ 0.87658189,  0.34764801, -0.17885131, -0.69150123, -0.22010649,
         1.17253092,  0.45797995, -0.43377813, -0.13596037, -0.76081066]]), 'u': array([[ 0.38515385,  0.2985087 , -0.23096368, -0.73339425, -0.38704419,
         0.33658631,  0.63162121, -0.71317877, -0.4706839 , -1.23847913],
       [ 0.21064574,  0.32251517,  0.0772077 , -0.27714905,  0.0243106 ,
         0.39421167,  0.25384595,  0.06544076,  0.39848932, -0.36922508],
       [-0.29082259,  0.17691634,  0.18119922,  0.03952354,  0.05240966,
        -0.15112864,  0.01786923,  0.2715703 ,  0.25434961, -0.09673165],
       [ 0.84364023, -0.10119688, -0.33113035, -0.41014452, -0.42985739,
         0.69796904,  0.09315622, -1.04873983, -0.97976895, -0.43648984],
       [-0.56243851, -0.16801015,  0.05135075,  0.34163351,  0.13950383,
        -0.79081033, -0.06252776,  0.34770149,  0.17980987,  0.32184312]]), 'o': array([[ 0.04270744, -0.08768953,  0.03767068,  0.06216445, -0.01431225,
         0.08113854, -0.24478195, -0.1046808 , -0.1430811 ,  0.22378152],
       [-0.21465198, -0.74511309,  0.05624637,  0.68365128,  0.0497427 ,
        -0.40226558, -1.14726722, -0.21656173, -0.67901388,  1.49612211],
       [ 0.3550708 ,  0.08445915, -0.00300322, -0.18185094, -0.01365415,
         0.59407339, -0.00662783,  0.01037659,  0.03725192,  0.0889735 ],
       [-1.37358582,  1.17990918,  0.66426892,  0.11384163,  0.78352855,
        -0.75905847,  1.04971795,  2.19944897,  2.70884339, -1.06482239],
       [ 0.25686222,  0.42078999,  0.15417422, -0.2671825 , -0.09935499,
         0.81300829, -0.02674078, -0.17902845,  0.06085548, -0.33904289]]), 'f': array([[-0.61220641, -0.19568964, -0.13753129,  0.26908597,  0.27325184,
        -1.22783028,  0.53911353,  0.72364712,  0.63879841,  0.13579368],
       [ 1.93421825, -0.70577455, -0.64529796, -0.53669736, -0.81832041,
         1.83159579, -0.77163845, -2.29669761, -2.42805496,  0.49968749],
       [ 0.09995062, -0.06790301,  0.01416032,  0.01747536, -0.02952001,
         0.09531303, -0.13980617, -0.08304615, -0.09351228,  0.24055426],
       [ 0.48675371, -0.23770893, -0.14732003, -0.08058671, -0.19731747,
         0.43087366, -0.32803719, -0.6591595 , -0.64400816,  0.26540771],
       [ 0.3756158 , -1.01232425, -0.45141904,  0.16759616, -0.31578284,
        -0.20402259, -0.76073208, -1.02779813, -1.5176017 ,  1.20607493]])}, {'c': array([[-0.44835364, -0.55494356,  0.2087399 , -0.55331384,  0.60920131,
        -0.66026364, -0.38836988, -0.3403248 ,  0.56562525, -0.06157053],
       [-0.26407648,  0.47665412,  0.34163553, -1.08338456,  0.3886284 ,
        -0.64238503, -0.09953451, -1.05398627,  0.44337302,  0.5770073 ],
       [ 0.21083078, -0.05361253, -0.14705592,  0.12896563, -0.19289682,
         0.51707894,  0.10298534,  0.37051552, -0.20638918, -0.45913914],
       [ 0.85365252, -0.88274284, -0.62179677,  0.26520254,  0.31032925,
         0.45763004, -0.36776236,  1.10795348, -0.47963974, -0.36960546],
       [ 0.72334127, -0.65812188, -0.42535972, -0.06371982,  0.47817941,
         0.41844931, -0.41186044,  1.09852173, -0.24588253, -0.02858454]]), 'u': array([[ 1.55310374, -0.2199398 , -0.82919245,  0.72633744, -0.45066347,
         1.77060266,  0.02471742,  1.72548667, -1.20414967, -0.59538664],
       [ 0.13464531, -0.17705352, -0.10259   , -0.35397153,  0.37617414,
        -0.15909766, -0.11772902,  0.22177436,  0.12410745,  0.08709456],
       [-0.07682505,  0.33568963,  0.15530757, -0.23906432, -0.1014318 ,
        -0.01089288,  0.09495476, -0.38649701, -0.05219175, -0.01587243],
       [ 0.60064416, -0.71204531, -0.51158699,  0.52535864, -0.0159112 ,
         0.75052641, -0.20708163,  1.13386809, -0.45939555, -0.50684297],
       [-0.16960538,  0.37272445,  0.1092851 ,  0.2153891 , -0.34113566,
        -0.01799602,  0.23096162, -0.34400197, -0.06423852,  0.07755728]]), 'o': array([[-0.34817907,  0.07672751,  0.19501048, -0.19099807,  0.03976948,
        -0.24473568,  0.05880589, -0.32631416,  0.2800808 , -0.05718301],
       [-1.68185462,  0.45265458,  0.8830063 , -0.35063213, -0.13489938,
        -1.10867168,  0.36194873, -1.5734839 ,  1.13524733, -0.08666052],
       [-0.28618737, -0.13682288,  0.17717486, -0.40824695,  0.39931125,
        -0.38691727, -0.1722275 , -0.0897879 ,  0.36975664,  0.17232292],
       [ 0.92432025,  0.59608986, -0.12920788, -0.67490801,  0.28496737,
        -0.2951665 , -0.20856348, -0.60274232, -0.49741905,  1.02103553],
       [ 0.10579373, -0.24268305,  0.02069029, -0.59495409,  0.35704446,
        -0.12285006, -0.32146265, -0.30542076,  0.10474716, -0.0603568 ]]), 'f': array([[ 0.29687178,  0.20743898, -0.27478569,  0.74490295, -0.31166058,
         0.2108148 ,  0.23705479,  0.60050644, -0.38702282,  0.39998727],
       [-0.47053625, -1.23931064, -0.11334304,  0.23575179,  0.3772395 ,
         0.14255663, -0.33126388,  0.91394884,  0.54625359, -0.82780776],
       [-0.40204661,  0.01561624,  0.17413776, -0.20664852,  0.11904557,
        -0.30485392,  0.03925666, -0.21912197,  0.30623721, -0.01904914],
       [-0.30606549, -0.31717008,  0.03301852, -0.0232263 ,  0.13579465,
        -0.13908588, -0.03517831,  0.08379881,  0.33174281, -0.23932961],
       [-0.86250263,  0.06900284,  0.27545415,  0.57588935, -0.4432774 ,
         0.10818339,  0.41377369,  0.13135601,  0.50947532, -0.41816802]])}, {'c': array([[ 0.14448577,  0.30972158,  0.77839127, -0.06400971, -0.07557107,
         0.35858073, -0.43357738,  0.90729976, -0.43191688, -0.00995745],
       [-0.21415517, -0.49299197,  1.21616301,  1.32149213, -0.51293334,
         0.72375889,  0.94646782,  0.44773908, -0.28057884,  0.98050874],
       [ 0.29872724,  0.18016059, -0.49467441, -0.7617529 ,  0.24063205,
        -0.06785987, -0.44444653, -0.05833328,  0.06584308, -0.53053773],
       [ 0.13946911,  0.31237914,  0.04126374, -0.5348235 , -0.70778345,
         0.22479256, -0.32700154,  0.26536417, -0.73258585, -0.48115326],
       [ 0.32981215,  0.3839532 ,  0.43995457, -0.57401531, -0.5392739 ,
         0.31701477, -0.36334608,  0.46223078, -0.40443113, -0.28286338]]), 'u': array([[ 0.51291103,  0.15872713, -1.02471852, -1.34322538, -0.230029  ,
        -0.15440026, -0.52531314, -0.59258858, -0.11649286, -0.99413709],
       [ 0.14632477,  0.05965252,  0.52094095,  0.23929401, -0.43407821,
         0.45844132,  0.22746279,  0.48256119, -0.28768035,  0.16901988],
       [ 0.17648694, -0.13466964,  0.07627062,  0.32630419, -0.07969248,
         0.28680777,  0.26778577,  0.09159738, -0.07043602,  0.00150289],
       [ 0.02750423,  0.51352528, -0.48879524, -1.34434283,  0.00871634,
        -0.3570336 , -0.8274196 , -0.21951698, -0.08307071, -0.7265043 ],
       [-0.24593748, -0.22783184, -0.35169928,  0.26574673,  0.21391908,
        -0.273479  ,  0.26362359, -0.47329462,  0.2781954 ,  0.15007767]]), 'o': array([[ 0.09934076,  0.02581955,  0.04978501,  0.00597135,  0.23294552,
         0.04976494, -0.10188363,  0.21098962,  0.07746163,  0.00643062],
       [-0.09183016,  0.00798364, -0.17271895,  0.07337883,  1.2884165 ,
        -0.38534409, -0.37743248,  0.2337225 ,  0.70310411,  0.19602223],
       [ 0.18551806,  0.21394104,  0.60089595,  0.06363732, -0.05863565,
         0.2950556 , -0.08304185,  0.56938254, -0.04568025,  0.11771763],
       [-0.21531398, -1.15653839,  1.34275896,  2.79602726, -1.84109349,
         1.22219683,  2.13305241,  0.17627609, -1.12350375,  1.28939775],
       [ 0.06333964, -0.02499785,  0.66885532,  0.13147637, -0.37508997,
         0.47329731, -0.04869231,  0.51039259, -0.5590459 ,  0.07218448]]), 'f': array([[ -5.00679380e-01,  -1.36412443e-01,  -4.47184927e-01,
          3.03002650e-01,  -1.46619503e-01,  -5.02458181e-01,
          5.86908813e-01,  -8.71855301e-01,   4.65543290e-01,
          3.27834591e-01],
       [  1.70695022e-01,   1.21440312e+00,  -3.81962116e-01,
         -2.58581055e+00,   1.08124632e+00,  -7.41468237e-01,
         -2.12297647e+00,   4.30988525e-01,   3.94698216e-01,
         -1.04385030e+00],
       [  3.39535619e-02,   1.52126212e-01,   1.60223460e-01,
         -3.95129705e-02,   1.60860637e-01,   6.89953790e-02,
         -5.41315154e-02,   2.35503088e-01,   1.28823704e-01,
          3.85783950e-02],
       [  2.41422629e-03,   2.91288865e-01,  -8.35249730e-02,
         -6.23359766e-01,   3.88413386e-01,  -2.03242892e-01,
         -5.53963047e-01,   1.88430630e-01,   1.40487386e-01,
         -1.83414933e-01],
       [  3.54495038e-02,   4.98942705e-01,  -1.17636813e+00,
         -1.60807299e+00,   1.66798962e+00,  -1.13611562e+00,
         -1.23999987e+00,  -4.68459142e-01,   1.25631265e+00,
         -5.52568414e-01]])}, {'c': array([[ 0.14343085,  1.24630661,  0.61692936, -0.35896929, -0.31766373,
         0.01124938, -0.01163147, -0.26828858, -0.93722815,  0.77539672],
       [-0.60947978, -0.81882597,  2.44858984,  0.99969508,  0.27093375,
        -0.1327214 ,  0.83995618, -0.1343672 ,  0.55215469, -0.79006778],
       [ 0.43181284,  0.36838907, -0.88691537, -0.51071702, -0.2047098 ,
         0.27529063, -0.50276892,  0.23739693, -0.45748044,  0.33527107],
       [ 0.63126239,  0.18125315, -1.58874141,  0.02846479, -0.29611205,
         0.06349906, -1.14873164, -0.11351356, -1.43804725,  0.94469741],
       [ 0.49537735,  0.25936584, -0.94181385,  0.32447829, -0.25793572,
         0.32544949, -1.01083842,  0.10715153, -1.4134815 ,  1.15092386]]), 'u': array([[ 0.91212674, -0.52547499, -2.76296535, -0.11201051, -0.17854256,
         0.55198502, -1.71076534,  0.59103914, -1.07405492,  0.58233476],
       [ 0.05766856, -0.16467925,  0.29982529,  0.51732117, -0.07908501,
         0.08950867, -0.09895035, -0.0188665 , -0.44204006,  0.29087213],
       [-0.02727339, -0.25103846,  0.38389003,  0.10212101,  0.07903675,
         0.13872407,  0.18806009,  0.08102779,  0.26316217, -0.51016411],
       [ 0.65825312,  0.70503244, -1.94299066, -0.64108212, -0.31287633,
         0.16301241, -1.13519908,  0.05578462, -1.18088759,  1.15807985],
       [-0.27345338, -0.43586989,  0.20552514, -0.02144426,  0.21200383,
        -0.17955873,  0.41648956, -0.01600381,  0.83698874, -0.65455646]]), 'o': array([[-0.03065296,  0.36641008,  0.41027757, -0.22128383, -0.07146322,
         0.03035639,  0.24065157,  0.00376432,  0.05444728,  0.0044863 ],
       [-0.45844676,  1.37996169,  1.69115854, -1.12589776, -0.08780432,
        -0.21552485,  1.37901493, -0.14228592,  1.00798067, -0.33706605],
       [-0.01171411,  0.48189274,  0.57993576,  0.14144344, -0.10731564,
         0.15217719,  0.10794133, -0.02785415, -0.37384069,  0.43180424],
       [-0.76478143, -3.00565931,  1.92591818,  2.50283869,  0.70752552,
        -0.34528963,  0.53326018, -0.21981689,  0.929916  , -1.97682514],
       [ 0.1275008 ,  0.31850147,  0.5797618 ,  0.0046631 , -0.13360332,
         0.04482786, -0.20115605, -0.12227185, -0.69634328,  0.20287784]]), 'f': array([[ -3.80610019e-01,  -1.26432345e+00,  -5.54552767e-01,
          7.28523044e-01,   3.84867735e-01,  -2.85627172e-01,
          1.98586874e-01,  -2.38246896e-02,   9.80429055e-01,
         -4.29493002e-01],
       [  8.77112290e-01,   3.10461810e+00,  -1.64860217e+00,
         -1.99285228e+00,  -8.46731099e-01,   2.81226132e-01,
         -1.01449547e+00,  -5.10022795e-03,  -2.02015174e+00,
          2.66228598e+00],
       [ -3.93294057e-02,   3.85528307e-01,   3.91754773e-01,
         -1.31715622e-01,  -6.72374354e-02,   4.53974548e-02,
          2.56143844e-01,  -3.71548478e-02,   1.79838714e-02,
          1.49061236e-01],
       [  1.63084002e-01,   9.19740428e-01,  -1.52594824e-01,
         -5.84507702e-01,  -2.53434936e-01,  -6.85266915e-04,
         -8.79470215e-02,  -4.18422206e-02,  -4.49877939e-01,
          7.02240192e-01],
       [  1.28907387e-01,   1.60330629e+00,  -7.27216725e-01,
         -1.52919670e+00,  -2.80531719e-01,   1.13480541e-01,
          1.78710925e-01,   2.81016324e-01,   2.66660879e-01,
          8.35987749e-01]])}, {'c': array([[-0.49284629,  0.23775294, -1.67176503, -0.00437544, -0.97225319,
         0.17980212, -1.31179913, -0.61662995, -1.06141137,  0.22976533],
       [-0.88734029,  0.66612093,  0.156386  ,  2.09781368, -0.86646058,
        -1.42529667, -0.6821725 , -0.36254329, -0.5435922 ,  1.34565242],
       [ 0.45577197, -0.29907903, -0.27522168, -0.86739348,  0.2337811 ,
         0.86806335,  0.10174092,  0.24317912, -0.02256224, -0.56962586],
       [-0.2245392 , -0.42908095, -1.0810748 , -1.61288038,  0.3018365 ,
         1.60328226,  0.25852529,  0.19886047,  0.08682389, -1.52050795],
       [-0.52781221, -0.54335392, -0.62865597, -1.28364525,  0.03967832,
         1.48064496,  0.31603332,  0.05242271, -0.1161324 , -1.15965732]]), 'u': array([[ 0.63915031, -0.8969443 ,  0.48442737, -2.43705773,  1.25167051,
         2.24061959,  1.53588318,  0.91599231,  0.80937594, -2.00008539],
       [-0.52053344, -0.17827436, -0.33930948,  0.21464493, -0.22489275,
         0.25847373, -0.04302289, -0.02825837, -0.14944095, -0.24645928],
       [ 0.06630294,  0.12765088,  0.01779318,  0.43568404, -0.16055729,
        -0.28361929, -0.16350254,  0.06860052, -0.13816741,  0.26063292],
       [ 0.31345987, -0.52854321, -0.63193743, -2.13050234,  0.57161085,
         1.7784389 ,  0.43550208,  0.24615534,  0.21783826, -1.40329393],
       [ 0.3091368 ,  0.18570342,  0.72348555,  0.48099808,  0.25997213,
        -0.67888186,  0.24412099,  0.11465083,  0.36245658,  0.41648885]]), 'o': array([[ 0.04685383,  0.09442783, -0.27016959,  0.32993351, -0.30215505,
        -0.22383201, -0.43309598, -0.15611753, -0.31506672,  0.33825876],
       [ 0.48870815,  0.60881984, -0.41646697,  1.50806541, -0.90685246,
        -1.5596337 , -1.52126667, -0.66077994, -0.85913964,  1.78103974],
       [-0.44781389, -0.05294826, -0.49825151,  0.22046528, -0.52619567,
         0.05068834, -0.44571022, -0.29583168, -0.48198063,  0.16331287],
       [-1.31074746,  0.70684363,  1.1197519 ,  2.42642051, -0.22228318,
        -1.80625167,  0.49686859,  0.1455786 ,  0.39197819,  0.74062799],
       [-0.40846903,  0.3474002 , -1.05865952,  0.09334843, -0.643721  ,
         0.12935919, -0.84741478, -0.29346286, -0.74308048,  0.18433925]]), 'f': array([[ 0.04010688, -0.35062911,  1.76872061,  0.05502465,  1.04646803,
        -0.31059495,  1.55728058,  0.45858848,  1.34849013, -0.36595652],
       [ 0.42373122, -0.59235191, -2.07536389, -2.63131742, -0.26267386,
         2.25594865, -0.91464711, -0.46470666, -0.87970692, -1.02834331],
       [-0.06147996, -0.01854549, -0.28252462,  0.25014152, -0.26266347,
        -0.08846842, -0.32911855, -0.13892113, -0.23579081,  0.20318778],
       [ 0.09849014, -0.09198703, -0.63361883, -0.40260697, -0.18853674,
         0.39591357, -0.43289611, -0.20364832, -0.32681944, -0.0726685 ],
       [ 1.04685229, -0.38608505,  0.35981298, -0.80232846,  0.29928579,
         0.34170857, -0.01441292, -0.08493813,  0.03657636,  0.16955472]])}]