array([[[ -8.68496472e-02,   8.94045260e-02,  -5.66762276e-02,
           4.54884953e-02,  -2.62935784e-01,   2.11819222e-01,
          -3.53049041e-02,   1.70477074e-01,   9.08307453e-03,
          -1.20281883e-01],
        [  2.79257060e-02,   1.55289294e-01,   1.55927057e-01,
          -7.59850425e-02,   3.40926585e-01,  -1.93183248e-01,
           1.46464838e-01,  -1.93705038e-01,  -2.87345850e-02,
           1.23883144e-01],
        [ -8.13613393e-02,   9.79704882e-02,   6.22512405e-02,
           2.44893504e-02,   5.77160684e-02,   1.14323857e-02,
           5.75906808e-02,  -3.43896271e-02,  -2.14988101e-02,
           9.15477302e-03]],

       [[ -8.12987090e-02,   1.86858948e-01,   1.38597920e-01,
          -5.97104777e-02,  -1.10834331e-01,   9.04411458e-02,
          -1.13320174e-01,  -2.35876227e-01,  -1.19000926e-01,
          -2.53875486e-01],
        [ -7.32034867e-02,  -3.86996095e-02,  -1.49799506e-01,
          -1.69133375e-01,   1.88493988e-02,  -1.66369157e-01,
           2.70387417e-01,   1.05809412e-01,   2.50648050e-01,
           3.91283063e-01],
        [ -4.48612592e-02,   2.34813456e-02,  -4.44146192e-02,
          -1.07561918e-01,  -2.85080765e-03,   1.74562919e-02,
           4.59493191e-02,  -4.13951421e-02,   6.79426265e-02,
           1.01614303e-01]],

       [[  1.19855193e-01,   7.91238558e-02,  -2.17031009e-02,
          -1.71898492e-01,  -1.31520636e-01,   2.15427207e-01,
           3.67825720e-02,  -2.30553870e-01,  -1.38543649e-01,
          -3.06558410e-01],
        [ -2.00855934e-01,  -2.62724636e-02,  -3.43544000e-02,
          -5.12348491e-02,   1.63334542e-01,  -1.18685851e-01,
           4.89721185e-02,   2.88051216e-01,   3.03403175e-01,
           2.73525224e-01],
        [  3.18189754e-02,  -3.13675068e-03,  -3.70207167e-02,
          -5.87883952e-02,   3.59436404e-02,   5.28137863e-02,
           8.64929865e-03,   7.88281362e-02,   1.13931507e-01,
           6.55502945e-02]],

       [[  1.02049147e-01,  -1.09498773e-01,  -1.28378448e-01,
          -8.82334588e-02,  -3.53500688e-02,   1.69619939e-01,
          -3.89748426e-02,   1.74245695e-02,  -2.30182334e-01,
          -1.91582241e-01],
        [ -3.69216284e-01,   1.80115668e-01,   1.90688162e-01,
          -2.73991888e-01,   2.05003996e-01,  -2.95439567e-01,
           2.47031691e-02,  -1.94099691e-01,   4.97367266e-01,
           3.77478901e-01],
        [ -1.12192802e-01,  -4.45986264e-02,   2.16823881e-02,
          -1.39435965e-01,   1.31277239e-01,  -1.29861275e-01,
          -7.10876690e-02,  -8.33452593e-02,   1.46328540e-01,
           1.50923932e-01]],

       [[  1.85366222e-01,   2.97718720e-02,  -4.81196897e-02,
          -2.73554812e-01,  -6.96000789e-02,   7.07559129e-02,
          -1.55718962e-01,   4.69604747e-02,  -1.56185296e-01,
          -2.18094328e-01],
        [ -2.64147561e-01,  -3.78271227e-02,   3.97601559e-01,
           2.71532405e-01,   5.33100099e-02,  -9.28001396e-02,
           2.39126133e-01,   9.99526422e-04,   2.02010453e-01,
           4.64647336e-01],
        [ -7.91207858e-02,  -1.88688160e-02,   2.06441476e-01,
           4.35954421e-02,  -9.54753211e-03,  -5.15949724e-02,
           1.40591512e-02,   4.82453606e-02,   4.10507892e-04,
           1.73753303e-01]],

       [[  2.34532690e-01,   1.76385325e-01,  -4.13069776e-01,
          -7.31933779e-02,  -9.69888819e-02,   1.37534183e-01,
          -3.30001410e-01,   8.09311329e-02,  -2.39795403e-01,
           8.83807167e-03],
        [ -2.96134201e-01,  -2.44488306e-01,   6.02937036e-01,
           1.99669063e-01,   1.74433528e-01,  -2.77454219e-02,
           4.27663313e-01,  -4.74880292e-02,   3.12082638e-01,
           1.03006317e-01],
        [ -7.49511530e-02,   6.17354189e-04,   2.45670154e-01,
           1.17335237e-01,   1.71159758e-02,  -5.31164806e-02,
           7.23905309e-02,  -4.80668000e-02,   1.94103362e-02,
           1.40737385e-01]],

       [[  1.17815053e-01,  -1.41121052e-01,  -1.49836820e-01,
          -4.13126622e-01,  -1.65788188e-02,   2.79497102e-01,
          -5.34330152e-02,   6.63420064e-02,  -1.34581313e-01,
          -3.45103965e-01],
        [ -4.25340074e-01,   1.24726453e-01,   2.12204465e-01,
           4.99368080e-01,  -1.95318185e-01,  -1.36364107e-01,
          -1.29968931e-01,  -2.02912478e-01,  -1.02318622e-01,
           3.60699638e-01],
        [ -1.71649088e-01,   3.49213586e-02,   3.48175851e-02,
           1.54714578e-01,  -1.42962517e-01,  -6.96744089e-02,
          -1.01414991e-01,  -1.44727577e-01,  -1.06267438e-01,
           1.24087191e-01]]])