[{'c': array([[-0.45647258,  0.23337219, -0.93178466, -0.00437542, -0.74969277,
         0.17788926, -0.86472994, -0.54877725, -0.78620344,  0.22580566],
       [-0.71007757,  0.58242244,  0.15512346,  0.97032437, -0.69957138,
        -0.89069869, -0.59292993, -0.34745226, -0.49570231,  0.87302322],
       [ 0.426632  , -0.29046957, -0.2684769 , -0.7000474 ,  0.2296132 ,
         0.70038883,  0.10139132,  0.2384963 , -0.02255841, -0.51508446],
       [-0.22084019, -0.40455296, -0.79359733, -0.92358455,  0.29299236,
         0.92216113,  0.25291567,  0.19627994,  0.08660637, -0.90878614],
       [-0.48370696, -0.49552256, -0.55712606, -0.85745311,  0.03965751,
         0.90158875,  0.30591583,  0.05237474, -0.11561312, -0.82092817]]), 'u': array([[ 0.65456136,  0.28967885,  0.61879279,  0.08039016,  0.7775889 ,
         0.90383832,  0.82286546,  0.71422481,  0.6919765 ,  0.11919396],
       [ 0.37272751,  0.45554908,  0.41597722,  0.55345615,  0.44401259,
         0.56426106,  0.48924594,  0.49293588,  0.46270914,  0.43869518],
       [ 0.51656966,  0.53186946,  0.50444818,  0.60723014,  0.45994668,
         0.42956668,  0.45921518,  0.51714341,  0.46551299,  0.56479187],
       [ 0.57772955,  0.37085673,  0.34707136,  0.10616731,  0.63913479,
         0.855504  ,  0.60718675,  0.56122997,  0.55424522,  0.19729393],
       [ 0.57667455,  0.54629289,  0.6733741 ,  0.61798353,  0.56462944,
         0.33651091,  0.56072895,  0.52863135,  0.58963497,  0.60264276]]), 'o': array([[ 0.51171132,  0.52358943,  0.43286546,  0.5817432 ,  0.42503075,
         0.44427446,  0.39338728,  0.46104969,  0.42187849,  0.58376749],
       [ 0.61980206,  0.64767154,  0.39736248,  0.81877432,  0.28764435,
         0.17369921,  0.17927507,  0.34056443,  0.29751913,  0.8558252 ],
       [ 0.38988066,  0.48676603,  0.37795166,  0.55489416,  0.37140462,
         0.51266937,  0.39038118,  0.42657678,  0.38178454,  0.54073771],
       [ 0.21236179,  0.66970334,  0.75394269,  0.91881994,  0.44465689,
         0.14109176,  0.62172316,  0.53633051,  0.59675882,  0.67713317],
       [ 0.39927928,  0.58598699,  0.25756571,  0.52332018,  0.34440589,
         0.53229477,  0.29997545,  0.42715631,  0.3223309 ,  0.54595475]]), 'f': array([[ 0.51002538,  0.41322987,  0.85429849,  0.51375269,  0.74009609,
         0.42296952,  0.82596279,  0.61267927,  0.79388267,  0.40951843],
       [ 0.60437575,  0.3560954 ,  0.11151448,  0.06714988,  0.43470653,
         0.90516242,  0.28604984,  0.38586987,  0.29323852,  0.26340541],
       [ 0.48463485,  0.49536376,  0.42983494,  0.56221133,  0.43470908,
         0.47789731,  0.41845511,  0.46532547,  0.4413239 ,  0.5506229 ],
       [ 0.52460265,  0.47701945,  0.34669043,  0.40068615,  0.45300494,
         0.59770546,  0.39343498,  0.44926315,  0.4190147 ,  0.48184087],
       [ 0.74016999,  0.4046601 ,  0.58899516,  0.30952766,  0.57426791,
         0.5846055 ,  0.49639683,  0.47877822,  0.50914307,  0.54228742]]), 'c_in': array([[ 0.11452177,  0.33502307,  0.10443504, -0.35812712, -0.11801074,
         0.04527475, -0.19248852, -0.10169049, -0.31616497,  0.41188373],
       [-0.47092444, -0.32891307,  0.66446178,  0.53198278,  0.14325084,
         0.08634703,  0.43687705,  0.02215251,  0.22318811,  0.08991567],
       [ 0.31201786,  0.20482394, -0.58168314, -0.41584684, -0.10018595,
         0.20495911, -0.38303272,  0.10130187, -0.31281743, -0.10703008],
       [ 0.58185049,  0.21162534, -0.13629643, -0.02355351, -0.2375232 ,
         0.22094572, -0.26807176,  0.13923578, -0.37746177,  0.36441135],
       [ 0.36085453,  0.12388494, -0.36599475,  0.09083535, -0.22035103,
         0.26030283, -0.58319302,  0.17727896, -0.81909349,  0.10293761]]), 'c_out': array([[-0.2403803 ,  0.20604453, -0.48736293, -0.18434051, -0.67029206,
         0.17993297, -0.87054475, -0.45425398, -0.7950322 ,  0.19558865],
       [-0.54928075,  0.14819757,  0.13862494,  0.57275457, -0.24834642,
        -0.42442851, -0.16511995, -0.1627237 , -0.16391864,  0.40667535],
       [ 0.37159988, -0.05302953, -0.38546042, -0.65888369,  0.06205809,
         0.39881311, -0.11372157,  0.17047513, -0.14855504, -0.34984873],
       [ 0.17765441, -0.04908178, -0.32268758, -0.10749205,  0.07966243,
         0.920973  ,  0.04809824,  0.17271169, -0.11016086, -0.00370971],
       [-0.0118478 , -0.22056916, -0.59072339, -0.50177584, -0.10414873,
         0.45556892, -0.1179593 ,  0.11256424, -0.48520531, -0.43890465]]), 'a_out': array([[-0.12068964,  0.10638153, -0.19570753, -0.10604042, -0.24871608,
         0.07908794, -0.2760205 , -0.1961257 , -0.27896729,  0.11274427],
       [-0.30988923,  0.09528679,  0.05473419,  0.42361695, -0.07000218,
        -0.0695934 , -0.02933577, -0.05493389, -0.04833678,  0.33004567],
       [ 0.13855981, -0.02578881, -0.1388746 , -0.32051798,  0.02301912,
         0.19426732, -0.04420436,  0.07202436, -0.05630245, -0.1818184 ],
       [ 0.03733505, -0.03284387, -0.23518113, -0.09838719,  0.03534771,
         0.10248304,  0.02988075,  0.09172037, -0.06547483, -0.00251196],
       [-0.00473036, -0.12719461, -0.13661689, -0.24256551, -0.0357403 ,
         0.22700556, -0.03522168,  0.04788047, -0.1451787 , -0.22533523]])}, {'c': array([[-0.45647258,  0.23337219, -0.93178466, -0.00437542, -0.74969277,
         0.17788926, -0.86472994, -0.54877725, -0.78620344,  0.22580566],
       [-0.71007757,  0.58242244,  0.15512346,  0.97032437, -0.69957138,
        -0.89069869, -0.59292993, -0.34745226, -0.49570231,  0.87302322],
       [ 0.426632  , -0.29046957, -0.2684769 , -0.7000474 ,  0.2296132 ,
         0.70038883,  0.10139132,  0.2384963 , -0.02255841, -0.51508446],
       [-0.22084019, -0.40455296, -0.79359733, -0.92358455,  0.29299236,
         0.92216113,  0.25291567,  0.19627994,  0.08660637, -0.90878614],
       [-0.48370696, -0.49552256, -0.55712606, -0.85745311,  0.03965751,
         0.90158875,  0.30591583,  0.05237474, -0.11561312, -0.82092817]]), 'u': array([[ 0.65456136,  0.28967885,  0.61879279,  0.08039016,  0.7775889 ,
         0.90383832,  0.82286546,  0.71422481,  0.6919765 ,  0.11919396],
       [ 0.37272751,  0.45554908,  0.41597722,  0.55345615,  0.44401259,
         0.56426106,  0.48924594,  0.49293588,  0.46270914,  0.43869518],
       [ 0.51656966,  0.53186946,  0.50444818,  0.60723014,  0.45994668,
         0.42956668,  0.45921518,  0.51714341,  0.46551299,  0.56479187],
       [ 0.57772955,  0.37085673,  0.34707136,  0.10616731,  0.63913479,
         0.855504  ,  0.60718675,  0.56122997,  0.55424522,  0.19729393],
       [ 0.57667455,  0.54629289,  0.6733741 ,  0.61798353,  0.56462944,
         0.33651091,  0.56072895,  0.52863135,  0.58963497,  0.60264276]]), 'o': array([[ 0.51171132,  0.52358943,  0.43286546,  0.5817432 ,  0.42503075,
         0.44427446,  0.39338728,  0.46104969,  0.42187849,  0.58376749],
       [ 0.61980206,  0.64767154,  0.39736248,  0.81877432,  0.28764435,
         0.17369921,  0.17927507,  0.34056443,  0.29751913,  0.8558252 ],
       [ 0.38988066,  0.48676603,  0.37795166,  0.55489416,  0.37140462,
         0.51266937,  0.39038118,  0.42657678,  0.38178454,  0.54073771],
       [ 0.21236179,  0.66970334,  0.75394269,  0.91881994,  0.44465689,
         0.14109176,  0.62172316,  0.53633051,  0.59675882,  0.67713317],
       [ 0.39927928,  0.58598699,  0.25756571,  0.52332018,  0.34440589,
         0.53229477,  0.29997545,  0.42715631,  0.3223309 ,  0.54595475]]), 'f': array([[ 0.51002538,  0.41322987,  0.85429849,  0.51375269,  0.74009609,
         0.42296952,  0.82596279,  0.61267927,  0.79388267,  0.40951843],
       [ 0.60437575,  0.3560954 ,  0.11151448,  0.06714988,  0.43470653,
         0.90516242,  0.28604984,  0.38586987,  0.29323852,  0.26340541],
       [ 0.48463485,  0.49536376,  0.42983494,  0.56221133,  0.43470908,
         0.47789731,  0.41845511,  0.46532547,  0.4413239 ,  0.5506229 ],
       [ 0.52460265,  0.47701945,  0.34669043,  0.40068615,  0.45300494,
         0.59770546,  0.39343498,  0.44926315,  0.4190147 ,  0.48184087],
       [ 0.74016999,  0.4046601 ,  0.58899516,  0.30952766,  0.57426791,
         0.5846055 ,  0.49639683,  0.47877822,  0.50914307,  0.54228742]]), 'c_in': array([[ 0.11452177,  0.33502307,  0.10443504, -0.35812712, -0.11801074,
         0.04527475, -0.19248852, -0.10169049, -0.31616497,  0.41188373],
       [-0.47092444, -0.32891307,  0.66446178,  0.53198278,  0.14325084,
         0.08634703,  0.43687705,  0.02215251,  0.22318811,  0.08991567],
       [ 0.31201786,  0.20482394, -0.58168314, -0.41584684, -0.10018595,
         0.20495911, -0.38303272,  0.10130187, -0.31281743, -0.10703008],
       [ 0.58185049,  0.21162534, -0.13629643, -0.02355351, -0.2375232 ,
         0.22094572, -0.26807176,  0.13923578, -0.37746177,  0.36441135],
       [ 0.36085453,  0.12388494, -0.36599475,  0.09083535, -0.22035103,
         0.26030283, -0.58319302,  0.17727896, -0.81909349,  0.10293761]]), 'c_out': array([[-0.2403803 ,  0.20604453, -0.48736293, -0.18434051, -0.67029206,
         0.17993297, -0.87054475, -0.45425398, -0.7950322 ,  0.19558865],
       [-0.54928075,  0.14819757,  0.13862494,  0.57275457, -0.24834642,
        -0.42442851, -0.16511995, -0.1627237 , -0.16391864,  0.40667535],
       [ 0.37159988, -0.05302953, -0.38546042, -0.65888369,  0.06205809,
         0.39881311, -0.11372157,  0.17047513, -0.14855504, -0.34984873],
       [ 0.17765441, -0.04908178, -0.32268758, -0.10749205,  0.07966243,
         0.920973  ,  0.04809824,  0.17271169, -0.11016086, -0.00370971],
       [-0.0118478 , -0.22056916, -0.59072339, -0.50177584, -0.10414873,
         0.45556892, -0.1179593 ,  0.11256424, -0.48520531, -0.43890465]]), 'a_out': array([[-0.12068964,  0.10638153, -0.19570753, -0.10604042, -0.24871608,
         0.07908794, -0.2760205 , -0.1961257 , -0.27896729,  0.11274427],
       [-0.30988923,  0.09528679,  0.05473419,  0.42361695, -0.07000218,
        -0.0695934 , -0.02933577, -0.05493389, -0.04833678,  0.33004567],
       [ 0.13855981, -0.02578881, -0.1388746 , -0.32051798,  0.02301912,
         0.19426732, -0.04420436,  0.07202436, -0.05630245, -0.1818184 ],
       [ 0.03733505, -0.03284387, -0.23518113, -0.09838719,  0.03534771,
         0.10248304,  0.02988075,  0.09172037, -0.06547483, -0.00251196],
       [-0.00473036, -0.12719461, -0.13661689, -0.24256551, -0.0357403 ,
         0.22700556, -0.03522168,  0.04788047, -0.1451787 , -0.22533523]])}, {'c': array([[-0.45647258,  0.23337219, -0.93178466, -0.00437542, -0.74969277,
         0.17788926, -0.86472994, -0.54877725, -0.78620344,  0.22580566],
       [-0.71007757,  0.58242244,  0.15512346,  0.97032437, -0.69957138,
        -0.89069869, -0.59292993, -0.34745226, -0.49570231,  0.87302322],
       [ 0.426632  , -0.29046957, -0.2684769 , -0.7000474 ,  0.2296132 ,
         0.70038883,  0.10139132,  0.2384963 , -0.02255841, -0.51508446],
       [-0.22084019, -0.40455296, -0.79359733, -0.92358455,  0.29299236,
         0.92216113,  0.25291567,  0.19627994,  0.08660637, -0.90878614],
       [-0.48370696, -0.49552256, -0.55712606, -0.85745311,  0.03965751,
         0.90158875,  0.30591583,  0.05237474, -0.11561312, -0.82092817]]), 'u': array([[ 0.65456136,  0.28967885,  0.61879279,  0.08039016,  0.7775889 ,
         0.90383832,  0.82286546,  0.71422481,  0.6919765 ,  0.11919396],
       [ 0.37272751,  0.45554908,  0.41597722,  0.55345615,  0.44401259,
         0.56426106,  0.48924594,  0.49293588,  0.46270914,  0.43869518],
       [ 0.51656966,  0.53186946,  0.50444818,  0.60723014,  0.45994668,
         0.42956668,  0.45921518,  0.51714341,  0.46551299,  0.56479187],
       [ 0.57772955,  0.37085673,  0.34707136,  0.10616731,  0.63913479,
         0.855504  ,  0.60718675,  0.56122997,  0.55424522,  0.19729393],
       [ 0.57667455,  0.54629289,  0.6733741 ,  0.61798353,  0.56462944,
         0.33651091,  0.56072895,  0.52863135,  0.58963497,  0.60264276]]), 'o': array([[ 0.51171132,  0.52358943,  0.43286546,  0.5817432 ,  0.42503075,
         0.44427446,  0.39338728,  0.46104969,  0.42187849,  0.58376749],
       [ 0.61980206,  0.64767154,  0.39736248,  0.81877432,  0.28764435,
         0.17369921,  0.17927507,  0.34056443,  0.29751913,  0.8558252 ],
       [ 0.38988066,  0.48676603,  0.37795166,  0.55489416,  0.37140462,
         0.51266937,  0.39038118,  0.42657678,  0.38178454,  0.54073771],
       [ 0.21236179,  0.66970334,  0.75394269,  0.91881994,  0.44465689,
         0.14109176,  0.62172316,  0.53633051,  0.59675882,  0.67713317],
       [ 0.39927928,  0.58598699,  0.25756571,  0.52332018,  0.34440589,
         0.53229477,  0.29997545,  0.42715631,  0.3223309 ,  0.54595475]]), 'f': array([[ 0.51002538,  0.41322987,  0.85429849,  0.51375269,  0.74009609,
         0.42296952,  0.82596279,  0.61267927,  0.79388267,  0.40951843],
       [ 0.60437575,  0.3560954 ,  0.11151448,  0.06714988,  0.43470653,
         0.90516242,  0.28604984,  0.38586987,  0.29323852,  0.26340541],
       [ 0.48463485,  0.49536376,  0.42983494,  0.56221133,  0.43470908,
         0.47789731,  0.41845511,  0.46532547,  0.4413239 ,  0.5506229 ],
       [ 0.52460265,  0.47701945,  0.34669043,  0.40068615,  0.45300494,
         0.59770546,  0.39343498,  0.44926315,  0.4190147 ,  0.48184087],
       [ 0.74016999,  0.4046601 ,  0.58899516,  0.30952766,  0.57426791,
         0.5846055 ,  0.49639683,  0.47877822,  0.50914307,  0.54228742]]), 'c_in': array([[ 0.11452177,  0.33502307,  0.10443504, -0.35812712, -0.11801074,
         0.04527475, -0.19248852, -0.10169049, -0.31616497,  0.41188373],
       [-0.47092444, -0.32891307,  0.66446178,  0.53198278,  0.14325084,
         0.08634703,  0.43687705,  0.02215251,  0.22318811,  0.08991567],
       [ 0.31201786,  0.20482394, -0.58168314, -0.41584684, -0.10018595,
         0.20495911, -0.38303272,  0.10130187, -0.31281743, -0.10703008],
       [ 0.58185049,  0.21162534, -0.13629643, -0.02355351, -0.2375232 ,
         0.22094572, -0.26807176,  0.13923578, -0.37746177,  0.36441135],
       [ 0.36085453,  0.12388494, -0.36599475,  0.09083535, -0.22035103,
         0.26030283, -0.58319302,  0.17727896, -0.81909349,  0.10293761]]), 'c_out': array([[-0.2403803 ,  0.20604453, -0.48736293, -0.18434051, -0.67029206,
         0.17993297, -0.87054475, -0.45425398, -0.7950322 ,  0.19558865],
       [-0.54928075,  0.14819757,  0.13862494,  0.57275457, -0.24834642,
        -0.42442851, -0.16511995, -0.1627237 , -0.16391864,  0.40667535],
       [ 0.37159988, -0.05302953, -0.38546042, -0.65888369,  0.06205809,
         0.39881311, -0.11372157,  0.17047513, -0.14855504, -0.34984873],
       [ 0.17765441, -0.04908178, -0.32268758, -0.10749205,  0.07966243,
         0.920973  ,  0.04809824,  0.17271169, -0.11016086, -0.00370971],
       [-0.0118478 , -0.22056916, -0.59072339, -0.50177584, -0.10414873,
         0.45556892, -0.1179593 ,  0.11256424, -0.48520531, -0.43890465]]), 'a_out': array([[-0.12068964,  0.10638153, -0.19570753, -0.10604042, -0.24871608,
         0.07908794, -0.2760205 , -0.1961257 , -0.27896729,  0.11274427],
       [-0.30988923,  0.09528679,  0.05473419,  0.42361695, -0.07000218,
        -0.0695934 , -0.02933577, -0.05493389, -0.04833678,  0.33004567],
       [ 0.13855981, -0.02578881, -0.1388746 , -0.32051798,  0.02301912,
         0.19426732, -0.04420436,  0.07202436, -0.05630245, -0.1818184 ],
       [ 0.03733505, -0.03284387, -0.23518113, -0.09838719,  0.03534771,
         0.10248304,  0.02988075,  0.09172037, -0.06547483, -0.00251196],
       [-0.00473036, -0.12719461, -0.13661689, -0.24256551, -0.0357403 ,
         0.22700556, -0.03522168,  0.04788047, -0.1451787 , -0.22533523]])}, {'c': array([[-0.45647258,  0.23337219, -0.93178466, -0.00437542, -0.74969277,
         0.17788926, -0.86472994, -0.54877725, -0.78620344,  0.22580566],
       [-0.71007757,  0.58242244,  0.15512346,  0.97032437, -0.69957138,
        -0.89069869, -0.59292993, -0.34745226, -0.49570231,  0.87302322],
       [ 0.426632  , -0.29046957, -0.2684769 , -0.7000474 ,  0.2296132 ,
         0.70038883,  0.10139132,  0.2384963 , -0.02255841, -0.51508446],
       [-0.22084019, -0.40455296, -0.79359733, -0.92358455,  0.29299236,
         0.92216113,  0.25291567,  0.19627994,  0.08660637, -0.90878614],
       [-0.48370696, -0.49552256, -0.55712606, -0.85745311,  0.03965751,
         0.90158875,  0.30591583,  0.05237474, -0.11561312, -0.82092817]]), 'u': array([[ 0.65456136,  0.28967885,  0.61879279,  0.08039016,  0.7775889 ,
         0.90383832,  0.82286546,  0.71422481,  0.6919765 ,  0.11919396],
       [ 0.37272751,  0.45554908,  0.41597722,  0.55345615,  0.44401259,
         0.56426106,  0.48924594,  0.49293588,  0.46270914,  0.43869518],
       [ 0.51656966,  0.53186946,  0.50444818,  0.60723014,  0.45994668,
         0.42956668,  0.45921518,  0.51714341,  0.46551299,  0.56479187],
       [ 0.57772955,  0.37085673,  0.34707136,  0.10616731,  0.63913479,
         0.855504  ,  0.60718675,  0.56122997,  0.55424522,  0.19729393],
       [ 0.57667455,  0.54629289,  0.6733741 ,  0.61798353,  0.56462944,
         0.33651091,  0.56072895,  0.52863135,  0.58963497,  0.60264276]]), 'o': array([[ 0.51171132,  0.52358943,  0.43286546,  0.5817432 ,  0.42503075,
         0.44427446,  0.39338728,  0.46104969,  0.42187849,  0.58376749],
       [ 0.61980206,  0.64767154,  0.39736248,  0.81877432,  0.28764435,
         0.17369921,  0.17927507,  0.34056443,  0.29751913,  0.8558252 ],
       [ 0.38988066,  0.48676603,  0.37795166,  0.55489416,  0.37140462,
         0.51266937,  0.39038118,  0.42657678,  0.38178454,  0.54073771],
       [ 0.21236179,  0.66970334,  0.75394269,  0.91881994,  0.44465689,
         0.14109176,  0.62172316,  0.53633051,  0.59675882,  0.67713317],
       [ 0.39927928,  0.58598699,  0.25756571,  0.52332018,  0.34440589,
         0.53229477,  0.29997545,  0.42715631,  0.3223309 ,  0.54595475]]), 'f': array([[ 0.51002538,  0.41322987,  0.85429849,  0.51375269,  0.74009609,
         0.42296952,  0.82596279,  0.61267927,  0.79388267,  0.40951843],
       [ 0.60437575,  0.3560954 ,  0.11151448,  0.06714988,  0.43470653,
         0.90516242,  0.28604984,  0.38586987,  0.29323852,  0.26340541],
       [ 0.48463485,  0.49536376,  0.42983494,  0.56221133,  0.43470908,
         0.47789731,  0.41845511,  0.46532547,  0.4413239 ,  0.5506229 ],
       [ 0.52460265,  0.47701945,  0.34669043,  0.40068615,  0.45300494,
         0.59770546,  0.39343498,  0.44926315,  0.4190147 ,  0.48184087],
       [ 0.74016999,  0.4046601 ,  0.58899516,  0.30952766,  0.57426791,
         0.5846055 ,  0.49639683,  0.47877822,  0.50914307,  0.54228742]]), 'c_in': array([[ 0.11452177,  0.33502307,  0.10443504, -0.35812712, -0.11801074,
         0.04527475, -0.19248852, -0.10169049, -0.31616497,  0.41188373],
       [-0.47092444, -0.32891307,  0.66446178,  0.53198278,  0.14325084,
         0.08634703,  0.43687705,  0.02215251,  0.22318811,  0.08991567],
       [ 0.31201786,  0.20482394, -0.58168314, -0.41584684, -0.10018595,
         0.20495911, -0.38303272,  0.10130187, -0.31281743, -0.10703008],
       [ 0.58185049,  0.21162534, -0.13629643, -0.02355351, -0.2375232 ,
         0.22094572, -0.26807176,  0.13923578, -0.37746177,  0.36441135],
       [ 0.36085453,  0.12388494, -0.36599475,  0.09083535, -0.22035103,
         0.26030283, -0.58319302,  0.17727896, -0.81909349,  0.10293761]]), 'c_out': array([[-0.2403803 ,  0.20604453, -0.48736293, -0.18434051, -0.67029206,
         0.17993297, -0.87054475, -0.45425398, -0.7950322 ,  0.19558865],
       [-0.54928075,  0.14819757,  0.13862494,  0.57275457, -0.24834642,
        -0.42442851, -0.16511995, -0.1627237 , -0.16391864,  0.40667535],
       [ 0.37159988, -0.05302953, -0.38546042, -0.65888369,  0.06205809,
         0.39881311, -0.11372157,  0.17047513, -0.14855504, -0.34984873],
       [ 0.17765441, -0.04908178, -0.32268758, -0.10749205,  0.07966243,
         0.920973  ,  0.04809824,  0.17271169, -0.11016086, -0.00370971],
       [-0.0118478 , -0.22056916, -0.59072339, -0.50177584, -0.10414873,
         0.45556892, -0.1179593 ,  0.11256424, -0.48520531, -0.43890465]]), 'a_out': array([[-0.12068964,  0.10638153, -0.19570753, -0.10604042, -0.24871608,
         0.07908794, -0.2760205 , -0.1961257 , -0.27896729,  0.11274427],
       [-0.30988923,  0.09528679,  0.05473419,  0.42361695, -0.07000218,
        -0.0695934 , -0.02933577, -0.05493389, -0.04833678,  0.33004567],
       [ 0.13855981, -0.02578881, -0.1388746 , -0.32051798,  0.02301912,
         0.19426732, -0.04420436,  0.07202436, -0.05630245, -0.1818184 ],
       [ 0.03733505, -0.03284387, -0.23518113, -0.09838719,  0.03534771,
         0.10248304,  0.02988075,  0.09172037, -0.06547483, -0.00251196],
       [-0.00473036, -0.12719461, -0.13661689, -0.24256551, -0.0357403 ,
         0.22700556, -0.03522168,  0.04788047, -0.1451787 , -0.22533523]])}, {'c': array([[-0.45647258,  0.23337219, -0.93178466, -0.00437542, -0.74969277,
         0.17788926, -0.86472994, -0.54877725, -0.78620344,  0.22580566],
       [-0.71007757,  0.58242244,  0.15512346,  0.97032437, -0.69957138,
        -0.89069869, -0.59292993, -0.34745226, -0.49570231,  0.87302322],
       [ 0.426632  , -0.29046957, -0.2684769 , -0.7000474 ,  0.2296132 ,
         0.70038883,  0.10139132,  0.2384963 , -0.02255841, -0.51508446],
       [-0.22084019, -0.40455296, -0.79359733, -0.92358455,  0.29299236,
         0.92216113,  0.25291567,  0.19627994,  0.08660637, -0.90878614],
       [-0.48370696, -0.49552256, -0.55712606, -0.85745311,  0.03965751,
         0.90158875,  0.30591583,  0.05237474, -0.11561312, -0.82092817]]), 'u': array([[ 0.65456136,  0.28967885,  0.61879279,  0.08039016,  0.7775889 ,
         0.90383832,  0.82286546,  0.71422481,  0.6919765 ,  0.11919396],
       [ 0.37272751,  0.45554908,  0.41597722,  0.55345615,  0.44401259,
         0.56426106,  0.48924594,  0.49293588,  0.46270914,  0.43869518],
       [ 0.51656966,  0.53186946,  0.50444818,  0.60723014,  0.45994668,
         0.42956668,  0.45921518,  0.51714341,  0.46551299,  0.56479187],
       [ 0.57772955,  0.37085673,  0.34707136,  0.10616731,  0.63913479,
         0.855504  ,  0.60718675,  0.56122997,  0.55424522,  0.19729393],
       [ 0.57667455,  0.54629289,  0.6733741 ,  0.61798353,  0.56462944,
         0.33651091,  0.56072895,  0.52863135,  0.58963497,  0.60264276]]), 'o': array([[ 0.51171132,  0.52358943,  0.43286546,  0.5817432 ,  0.42503075,
         0.44427446,  0.39338728,  0.46104969,  0.42187849,  0.58376749],
       [ 0.61980206,  0.64767154,  0.39736248,  0.81877432,  0.28764435,
         0.17369921,  0.17927507,  0.34056443,  0.29751913,  0.8558252 ],
       [ 0.38988066,  0.48676603,  0.37795166,  0.55489416,  0.37140462,
         0.51266937,  0.39038118,  0.42657678,  0.38178454,  0.54073771],
       [ 0.21236179,  0.66970334,  0.75394269,  0.91881994,  0.44465689,
         0.14109176,  0.62172316,  0.53633051,  0.59675882,  0.67713317],
       [ 0.39927928,  0.58598699,  0.25756571,  0.52332018,  0.34440589,
         0.53229477,  0.29997545,  0.42715631,  0.3223309 ,  0.54595475]]), 'f': array([[ 0.51002538,  0.41322987,  0.85429849,  0.51375269,  0.74009609,
         0.42296952,  0.82596279,  0.61267927,  0.79388267,  0.40951843],
       [ 0.60437575,  0.3560954 ,  0.11151448,  0.06714988,  0.43470653,
         0.90516242,  0.28604984,  0.38586987,  0.29323852,  0.26340541],
       [ 0.48463485,  0.49536376,  0.42983494,  0.56221133,  0.43470908,
         0.47789731,  0.41845511,  0.46532547,  0.4413239 ,  0.5506229 ],
       [ 0.52460265,  0.47701945,  0.34669043,  0.40068615,  0.45300494,
         0.59770546,  0.39343498,  0.44926315,  0.4190147 ,  0.48184087],
       [ 0.74016999,  0.4046601 ,  0.58899516,  0.30952766,  0.57426791,
         0.5846055 ,  0.49639683,  0.47877822,  0.50914307,  0.54228742]]), 'c_in': array([[ 0.11452177,  0.33502307,  0.10443504, -0.35812712, -0.11801074,
         0.04527475, -0.19248852, -0.10169049, -0.31616497,  0.41188373],
       [-0.47092444, -0.32891307,  0.66446178,  0.53198278,  0.14325084,
         0.08634703,  0.43687705,  0.02215251,  0.22318811,  0.08991567],
       [ 0.31201786,  0.20482394, -0.58168314, -0.41584684, -0.10018595,
         0.20495911, -0.38303272,  0.10130187, -0.31281743, -0.10703008],
       [ 0.58185049,  0.21162534, -0.13629643, -0.02355351, -0.2375232 ,
         0.22094572, -0.26807176,  0.13923578, -0.37746177,  0.36441135],
       [ 0.36085453,  0.12388494, -0.36599475,  0.09083535, -0.22035103,
         0.26030283, -0.58319302,  0.17727896, -0.81909349,  0.10293761]]), 'c_out': array([[-0.2403803 ,  0.20604453, -0.48736293, -0.18434051, -0.67029206,
         0.17993297, -0.87054475, -0.45425398, -0.7950322 ,  0.19558865],
       [-0.54928075,  0.14819757,  0.13862494,  0.57275457, -0.24834642,
        -0.42442851, -0.16511995, -0.1627237 , -0.16391864,  0.40667535],
       [ 0.37159988, -0.05302953, -0.38546042, -0.65888369,  0.06205809,
         0.39881311, -0.11372157,  0.17047513, -0.14855504, -0.34984873],
       [ 0.17765441, -0.04908178, -0.32268758, -0.10749205,  0.07966243,
         0.920973  ,  0.04809824,  0.17271169, -0.11016086, -0.00370971],
       [-0.0118478 , -0.22056916, -0.59072339, -0.50177584, -0.10414873,
         0.45556892, -0.1179593 ,  0.11256424, -0.48520531, -0.43890465]]), 'a_out': array([[-0.12068964,  0.10638153, -0.19570753, -0.10604042, -0.24871608,
         0.07908794, -0.2760205 , -0.1961257 , -0.27896729,  0.11274427],
       [-0.30988923,  0.09528679,  0.05473419,  0.42361695, -0.07000218,
        -0.0695934 , -0.02933577, -0.05493389, -0.04833678,  0.33004567],
       [ 0.13855981, -0.02578881, -0.1388746 , -0.32051798,  0.02301912,
         0.19426732, -0.04420436,  0.07202436, -0.05630245, -0.1818184 ],
       [ 0.03733505, -0.03284387, -0.23518113, -0.09838719,  0.03534771,
         0.10248304,  0.02988075,  0.09172037, -0.06547483, -0.00251196],
       [-0.00473036, -0.12719461, -0.13661689, -0.24256551, -0.0357403 ,
         0.22700556, -0.03522168,  0.04788047, -0.1451787 , -0.22533523]])}, {'c': array([[-0.45647258,  0.23337219, -0.93178466, -0.00437542, -0.74969277,
         0.17788926, -0.86472994, -0.54877725, -0.78620344,  0.22580566],
       [-0.71007757,  0.58242244,  0.15512346,  0.97032437, -0.69957138,
        -0.89069869, -0.59292993, -0.34745226, -0.49570231,  0.87302322],
       [ 0.426632  , -0.29046957, -0.2684769 , -0.7000474 ,  0.2296132 ,
         0.70038883,  0.10139132,  0.2384963 , -0.02255841, -0.51508446],
       [-0.22084019, -0.40455296, -0.79359733, -0.92358455,  0.29299236,
         0.92216113,  0.25291567,  0.19627994,  0.08660637, -0.90878614],
       [-0.48370696, -0.49552256, -0.55712606, -0.85745311,  0.03965751,
         0.90158875,  0.30591583,  0.05237474, -0.11561312, -0.82092817]]), 'u': array([[ 0.65456136,  0.28967885,  0.61879279,  0.08039016,  0.7775889 ,
         0.90383832,  0.82286546,  0.71422481,  0.6919765 ,  0.11919396],
       [ 0.37272751,  0.45554908,  0.41597722,  0.55345615,  0.44401259,
         0.56426106,  0.48924594,  0.49293588,  0.46270914,  0.43869518],
       [ 0.51656966,  0.53186946,  0.50444818,  0.60723014,  0.45994668,
         0.42956668,  0.45921518,  0.51714341,  0.46551299,  0.56479187],
       [ 0.57772955,  0.37085673,  0.34707136,  0.10616731,  0.63913479,
         0.855504  ,  0.60718675,  0.56122997,  0.55424522,  0.19729393],
       [ 0.57667455,  0.54629289,  0.6733741 ,  0.61798353,  0.56462944,
         0.33651091,  0.56072895,  0.52863135,  0.58963497,  0.60264276]]), 'o': array([[ 0.51171132,  0.52358943,  0.43286546,  0.5817432 ,  0.42503075,
         0.44427446,  0.39338728,  0.46104969,  0.42187849,  0.58376749],
       [ 0.61980206,  0.64767154,  0.39736248,  0.81877432,  0.28764435,
         0.17369921,  0.17927507,  0.34056443,  0.29751913,  0.8558252 ],
       [ 0.38988066,  0.48676603,  0.37795166,  0.55489416,  0.37140462,
         0.51266937,  0.39038118,  0.42657678,  0.38178454,  0.54073771],
       [ 0.21236179,  0.66970334,  0.75394269,  0.91881994,  0.44465689,
         0.14109176,  0.62172316,  0.53633051,  0.59675882,  0.67713317],
       [ 0.39927928,  0.58598699,  0.25756571,  0.52332018,  0.34440589,
         0.53229477,  0.29997545,  0.42715631,  0.3223309 ,  0.54595475]]), 'f': array([[ 0.51002538,  0.41322987,  0.85429849,  0.51375269,  0.74009609,
         0.42296952,  0.82596279,  0.61267927,  0.79388267,  0.40951843],
       [ 0.60437575,  0.3560954 ,  0.11151448,  0.06714988,  0.43470653,
         0.90516242,  0.28604984,  0.38586987,  0.29323852,  0.26340541],
       [ 0.48463485,  0.49536376,  0.42983494,  0.56221133,  0.43470908,
         0.47789731,  0.41845511,  0.46532547,  0.4413239 ,  0.5506229 ],
       [ 0.52460265,  0.47701945,  0.34669043,  0.40068615,  0.45300494,
         0.59770546,  0.39343498,  0.44926315,  0.4190147 ,  0.48184087],
       [ 0.74016999,  0.4046601 ,  0.58899516,  0.30952766,  0.57426791,
         0.5846055 ,  0.49639683,  0.47877822,  0.50914307,  0.54228742]]), 'c_in': array([[ 0.11452177,  0.33502307,  0.10443504, -0.35812712, -0.11801074,
         0.04527475, -0.19248852, -0.10169049, -0.31616497,  0.41188373],
       [-0.47092444, -0.32891307,  0.66446178,  0.53198278,  0.14325084,
         0.08634703,  0.43687705,  0.02215251,  0.22318811,  0.08991567],
       [ 0.31201786,  0.20482394, -0.58168314, -0.41584684, -0.10018595,
         0.20495911, -0.38303272,  0.10130187, -0.31281743, -0.10703008],
       [ 0.58185049,  0.21162534, -0.13629643, -0.02355351, -0.2375232 ,
         0.22094572, -0.26807176,  0.13923578, -0.37746177,  0.36441135],
       [ 0.36085453,  0.12388494, -0.36599475,  0.09083535, -0.22035103,
         0.26030283, -0.58319302,  0.17727896, -0.81909349,  0.10293761]]), 'c_out': array([[-0.2403803 ,  0.20604453, -0.48736293, -0.18434051, -0.67029206,
         0.17993297, -0.87054475, -0.45425398, -0.7950322 ,  0.19558865],
       [-0.54928075,  0.14819757,  0.13862494,  0.57275457, -0.24834642,
        -0.42442851, -0.16511995, -0.1627237 , -0.16391864,  0.40667535],
       [ 0.37159988, -0.05302953, -0.38546042, -0.65888369,  0.06205809,
         0.39881311, -0.11372157,  0.17047513, -0.14855504, -0.34984873],
       [ 0.17765441, -0.04908178, -0.32268758, -0.10749205,  0.07966243,
         0.920973  ,  0.04809824,  0.17271169, -0.11016086, -0.00370971],
       [-0.0118478 , -0.22056916, -0.59072339, -0.50177584, -0.10414873,
         0.45556892, -0.1179593 ,  0.11256424, -0.48520531, -0.43890465]]), 'a_out': array([[-0.12068964,  0.10638153, -0.19570753, -0.10604042, -0.24871608,
         0.07908794, -0.2760205 , -0.1961257 , -0.27896729,  0.11274427],
       [-0.30988923,  0.09528679,  0.05473419,  0.42361695, -0.07000218,
        -0.0695934 , -0.02933577, -0.05493389, -0.04833678,  0.33004567],
       [ 0.13855981, -0.02578881, -0.1388746 , -0.32051798,  0.02301912,
         0.19426732, -0.04420436,  0.07202436, -0.05630245, -0.1818184 ],
       [ 0.03733505, -0.03284387, -0.23518113, -0.09838719,  0.03534771,
         0.10248304,  0.02988075,  0.09172037, -0.06547483, -0.00251196],
       [-0.00473036, -0.12719461, -0.13661689, -0.24256551, -0.0357403 ,
         0.22700556, -0.03522168,  0.04788047, -0.1451787 , -0.22533523]])}, {'c': array([[-0.45647258,  0.23337219, -0.93178466, -0.00437542, -0.74969277,
         0.17788926, -0.86472994, -0.54877725, -0.78620344,  0.22580566],
       [-0.71007757,  0.58242244,  0.15512346,  0.97032437, -0.69957138,
        -0.89069869, -0.59292993, -0.34745226, -0.49570231,  0.87302322],
       [ 0.426632  , -0.29046957, -0.2684769 , -0.7000474 ,  0.2296132 ,
         0.70038883,  0.10139132,  0.2384963 , -0.02255841, -0.51508446],
       [-0.22084019, -0.40455296, -0.79359733, -0.92358455,  0.29299236,
         0.92216113,  0.25291567,  0.19627994,  0.08660637, -0.90878614],
       [-0.48370696, -0.49552256, -0.55712606, -0.85745311,  0.03965751,
         0.90158875,  0.30591583,  0.05237474, -0.11561312, -0.82092817]]), 'u': array([[ 0.65456136,  0.28967885,  0.61879279,  0.08039016,  0.7775889 ,
         0.90383832,  0.82286546,  0.71422481,  0.6919765 ,  0.11919396],
       [ 0.37272751,  0.45554908,  0.41597722,  0.55345615,  0.44401259,
         0.56426106,  0.48924594,  0.49293588,  0.46270914,  0.43869518],
       [ 0.51656966,  0.53186946,  0.50444818,  0.60723014,  0.45994668,
         0.42956668,  0.45921518,  0.51714341,  0.46551299,  0.56479187],
       [ 0.57772955,  0.37085673,  0.34707136,  0.10616731,  0.63913479,
         0.855504  ,  0.60718675,  0.56122997,  0.55424522,  0.19729393],
       [ 0.57667455,  0.54629289,  0.6733741 ,  0.61798353,  0.56462944,
         0.33651091,  0.56072895,  0.52863135,  0.58963497,  0.60264276]]), 'o': array([[ 0.51171132,  0.52358943,  0.43286546,  0.5817432 ,  0.42503075,
         0.44427446,  0.39338728,  0.46104969,  0.42187849,  0.58376749],
       [ 0.61980206,  0.64767154,  0.39736248,  0.81877432,  0.28764435,
         0.17369921,  0.17927507,  0.34056443,  0.29751913,  0.8558252 ],
       [ 0.38988066,  0.48676603,  0.37795166,  0.55489416,  0.37140462,
         0.51266937,  0.39038118,  0.42657678,  0.38178454,  0.54073771],
       [ 0.21236179,  0.66970334,  0.75394269,  0.91881994,  0.44465689,
         0.14109176,  0.62172316,  0.53633051,  0.59675882,  0.67713317],
       [ 0.39927928,  0.58598699,  0.25756571,  0.52332018,  0.34440589,
         0.53229477,  0.29997545,  0.42715631,  0.3223309 ,  0.54595475]]), 'f': array([[ 0.51002538,  0.41322987,  0.85429849,  0.51375269,  0.74009609,
         0.42296952,  0.82596279,  0.61267927,  0.79388267,  0.40951843],
       [ 0.60437575,  0.3560954 ,  0.11151448,  0.06714988,  0.43470653,
         0.90516242,  0.28604984,  0.38586987,  0.29323852,  0.26340541],
       [ 0.48463485,  0.49536376,  0.42983494,  0.56221133,  0.43470908,
         0.47789731,  0.41845511,  0.46532547,  0.4413239 ,  0.5506229 ],
       [ 0.52460265,  0.47701945,  0.34669043,  0.40068615,  0.45300494,
         0.59770546,  0.39343498,  0.44926315,  0.4190147 ,  0.48184087],
       [ 0.74016999,  0.4046601 ,  0.58899516,  0.30952766,  0.57426791,
         0.5846055 ,  0.49639683,  0.47877822,  0.50914307,  0.54228742]]), 'c_in': array([[ 0.11452177,  0.33502307,  0.10443504, -0.35812712, -0.11801074,
         0.04527475, -0.19248852, -0.10169049, -0.31616497,  0.41188373],
       [-0.47092444, -0.32891307,  0.66446178,  0.53198278,  0.14325084,
         0.08634703,  0.43687705,  0.02215251,  0.22318811,  0.08991567],
       [ 0.31201786,  0.20482394, -0.58168314, -0.41584684, -0.10018595,
         0.20495911, -0.38303272,  0.10130187, -0.31281743, -0.10703008],
       [ 0.58185049,  0.21162534, -0.13629643, -0.02355351, -0.2375232 ,
         0.22094572, -0.26807176,  0.13923578, -0.37746177,  0.36441135],
       [ 0.36085453,  0.12388494, -0.36599475,  0.09083535, -0.22035103,
         0.26030283, -0.58319302,  0.17727896, -0.81909349,  0.10293761]]), 'c_out': array([[-0.2403803 ,  0.20604453, -0.48736293, -0.18434051, -0.67029206,
         0.17993297, -0.87054475, -0.45425398, -0.7950322 ,  0.19558865],
       [-0.54928075,  0.14819757,  0.13862494,  0.57275457, -0.24834642,
        -0.42442851, -0.16511995, -0.1627237 , -0.16391864,  0.40667535],
       [ 0.37159988, -0.05302953, -0.38546042, -0.65888369,  0.06205809,
         0.39881311, -0.11372157,  0.17047513, -0.14855504, -0.34984873],
       [ 0.17765441, -0.04908178, -0.32268758, -0.10749205,  0.07966243,
         0.920973  ,  0.04809824,  0.17271169, -0.11016086, -0.00370971],
       [-0.0118478 , -0.22056916, -0.59072339, -0.50177584, -0.10414873,
         0.45556892, -0.1179593 ,  0.11256424, -0.48520531, -0.43890465]]), 'a_out': array([[-0.12068964,  0.10638153, -0.19570753, -0.10604042, -0.24871608,
         0.07908794, -0.2760205 , -0.1961257 , -0.27896729,  0.11274427],
       [-0.30988923,  0.09528679,  0.05473419,  0.42361695, -0.07000218,
        -0.0695934 , -0.02933577, -0.05493389, -0.04833678,  0.33004567],
       [ 0.13855981, -0.02578881, -0.1388746 , -0.32051798,  0.02301912,
         0.19426732, -0.04420436,  0.07202436, -0.05630245, -0.1818184 ],
       [ 0.03733505, -0.03284387, -0.23518113, -0.09838719,  0.03534771,
         0.10248304,  0.02988075,  0.09172037, -0.06547483, -0.00251196],
       [-0.00473036, -0.12719461, -0.13661689, -0.24256551, -0.0357403 ,
         0.22700556, -0.03522168,  0.04788047, -0.1451787 , -0.22533523]])}]